Sun
 0.00450251 0.000767076 0.000266058
-0.000128389   0.00188983  0.000813622
333000
Mercury
 0.361763 -0.090782 -0.085715
1.22914  9.0865  4.7254
0.0553
Venus
 0.612752 -0.348365 -0.195278
 3.9975 5.70045 2.31085
0.815
EMBary
 0.120517 -0.925838  -0.40154
 6.13611 0.638133 0.276744
1.0123
Mars
-0.110186   -1.3276 -0.605889
   5.2858  0.088499 -0.102755
0.107
Jupiter
 -5.37971 -0.830481 -0.224829
0.398585 -2.37911 -1.02959
317.83
Saturn
7.89439 4.59648  1.5587
-1.17441  1.58257 0.703956
95.162
Uranus
 -18.2654  -1.16196 -0.250106
0.0807345   -1.3733  -0.60262
14.536
Neptune
 -16.055 -23.9422 -9.40016
 0.964611 -0.546884  -0.24785
17.147
Pluto
 -30.4833 -0.872406   8.91158
 0.117606  -1.14741 -0.393452
0.0022